41 26 8 600
24 7 8 4 1 2 16 6 8 16 21 18 20 10 12 1 1 24 29 8 8 80 24 120 80 80 16 2 5 24 10 8 2 5 40 2 80 16 16 40 40
51
1 2 
1 3
1 39
1 40
2 4
2 7
3 4
3 7
4 5
5 6
6 8
6 9
7 10 
7 11
8 12
9 13
10 18
10 25 
10 26 
11 19
11 25 
11 26 
12 14
13 15
14 16
15 17
16 18
17 19
18 20
19 21
20 27 
20 37
20 38
21 27
21 37
21 38
22 23 
23 24
24 1 
27 28
28 29
29 30
30 31
31 32
32 33
33 34
34 35
34 40
34 41
38 40
39 41
0 1 0 1 0 0 0 0
0 0 0 1 0 0 0 0 
0 0 0 1 0 0 0 0
0 0 1 0 0 0 0 0
0 0 1 1 0 0 0 0
0 0 1 0 0 0 0 0
0 0 0 1 0 0 0 0
0 0 1 0 0 0 0 0
0 0 1 0 0 0 0 0
1 0 0 0 0 0 0 0
1 0 0 0 0 0 0 0
0 0 1 0 0 0 0 0
0 0 1 0 0 0 0 0
0 0 1 0 0 0 0 0
0 0 1 0 0 0 0 0
1 0 0 0 0 0 0 0
1 0 0 0 0 0 0 0
1 0 0 0 0 0 0 0
1 0 0 0 0 0 0 0
1 0 0 0 0 0 0 0
1 0 0 0 0 0 0 0
0 1 0 0 0 1 0 0
0 0 0 0 0 1 0 0
0 0 0 0 0 1 1 0 
0 0 0 0 0 0 0 1
0 0 0 0 0 0 0 1
0 0 0 1 1 0 0 0 
0 1 0 1 0 0 0 0
0 1 0 0 0 0 0 0
1 0 1 1 0 0 0 0
1 0 0 0 0 0 0 0
0 0 0 1 1 0 0 0 
0 1 0 1 0 0 0 0
0 1 0 0 0 0 0 0
0 0 0 0 0 0 0 1
0 0 0 0 1 1 0 0 
0 0 0 0 0 0 1 0
0 1 0 0 0 1 0 0
0 1 0 0 0 1 0 0
0 0 0 0 0 0 0 1
0 0 0 0 0 0 0 1
0.95 0.11 0.32 0.56 0.00 0.04 0.45 0.60
0.89 0.13 0.45 0.70 0.01 0.00 0.00 0.25
0.94 0.00 0.64 0.56 0.04 0.35 0.00 0.55
0.89 0.50 0.45 0.37 0.45 0.05 0.00 0.05
0.94 0.75 0.45 0.01 0.03 0.75 0.12 0.67
0.50 0.05 0.89 0.75 0.00 0.00 0.67 0.15
0.56 0.45 0.17 0.72 0.78 0.00 0.00 0.00
0.90 0.15 0.79 0.35 0.36 0.19 0.03 0.09 
0.99 0.36 0.77 0.45 0.67 0.15 0.53 0.72
0.78 0.40 0.14 0.38 0.05 0.08 0.01 0.35
0.50 0.99 0.74 0.80 0.45 0.80 0.05 0.01
0.60 0.04 0.56 0.89 0.06 0.28 0.07 0.77
0.73 0.46 0.15 0.98 0.55 0.17 0.38 0.57
0.82 0.45 0.00 0.85 0.69 0.75 0.00 0.00
0.70 0.50 0.01 0.95 0.00 0.55 0.55 0.75
0.80 0.45 0.00 0.90 0.45 0.00 0.50 0.17
0.30 0.60 0.03 0.05 0.95 0.70 0.47 0.35
0.45 0.80 0.01 0.11 0.24 0.50 0.89 0.45
0.22 0.15 0.40 0.35 0.77 0.10 0.99 0.19
0.45 0.11 0.50 0.27 0.01 0.00 0.85 0.00
0.50 0.00 0.00 0.01 0.45 0.05 0.56 0.95
0.24 0.25 0.45 0.04 0.00 0.00 0.75 0.89
0.30 0.45 0.56 0.66 0.05 0.05 0.30 0.90 
0.00 0.00 0.00 0.55 0.24 0.15 0.50 0.93
0.01 0.60 0.45 0.35 0.37 0.53 0.17 0.97
0.40 0.60 0.00 0.04 0.50 0.38 0.70 0.78

