33 24 10 196
1 22 22 49 10 1 16 17 6 1 5 4 5 9 10 19 18 5 3 1 8 8 8 8 2 14 4 8 1 6 3 1 7 
46
33 1
33 2
12 3 
3 4 
4 5 
3 6 
4 7 
5 8 
7 8 
6 9
8 9
9 10
10 11
2 12
9 13
8 14
10 15
11 16
13 16
16 17
17 18
18 20
15 21
18 21
14 22 
18 22
19 23
20 23
21 23 
22 23
23 24
20 25
21 26
22 27
25 28
26 29
23 30
25 30
26 30
27 30
24 31
28 31
29 31
30 31
1 32 
30 32
1 0 0 0 0 0 0 1 0 0	
0 1 1 0 0 0 0 0 0 0 	
1 1 0 0 0 0 0 0 0 0	
0 0 1 0 0 0 0 0 0 0	
0 0 1 0 0 0 0 0 0 0	
0 0 0 0 0 0 1 1 0 0 	
0 1 0 0 0 0 0 1 0 0 	
0 0 0 1 0 0 0 0 0 0 	
0 0 0 1 0 0 0 0 0 0	
0 0 0 1 0 0 0 0 0 0	
0 0 0 1 0 0 0 0 0 0	
0 0 0 0 0 0 0 1 0 0	
0 1 0 0 0 0 0 1 0 0 	
0 0 0 0 0 1 0 0 0 0	
0 0 0 0 0 0 0 0 1 0 	
0 0 0 0 0 0 0 1 0 0 	
0 0 0 0 0 0 0 1 0 0 	
0 0 0 0 0 0 1 0 0 0	
0 1 0 0 0 0 1 0 0 0	
0 1 0 0 0 0 0 0 0 0	
0 0 0 0 0 0 0 0 1 0	
0 0 0 0 0 1 0 0 0 0	
0 0 0 0 1 0 0 0 0 0	
0 0 0 0 1 0 0 0 0 0	
0 1 0 0 0 0 0 0 0 0	
0 0 0 0 0 0 0 0 1 0	
0 0 0 0 0 1 0 0 0 0 	
0 1 0 0 0 0 0 0 0 0	
0 0 0 0 0 0 0 0 1 0	
0 0 0 0 0 0 0 0 0 1 	
0 0 0 0 0 0 0 0 0 1 	
1 1 0 0 0 0 0 0 0 0	
0 1 0 0 0 0 0 0 0 0	
0.98 0.01 0.03 0.34 0.35 0.04 0.05 0.00 0.45 0.00				
0.00 0.75 0.02 0.35 0.45 0.26 0.12 0.06 0.34 0.15				
0.01 0.85 0.03 0.14 0.55 0.16 0.34 0.05 0.30 0.00				
0.02 0.79 0.01 0.00 0.14 0.00 0.00 0.56 0.12 0.01				
0.02 0.90 0.14 0.17 0.30 0.15 0.22 0.11 0.00 0.00				
0.00 0.85 0.24 0.11 0.40 0.00 0.00 0.01 0.01 0.35				
0.02 0.04 0.98 0.01 0.24 0.56 0.18 0.57 0.34 0.44				
0.00 0.11 0.85 0.34 0.15 0.45 0.25 0.11 0.15 0.25				
0.23 0.00 0.79 0.45 0.15 0.50 0.25 0.00 0.00 0.04				
0.00 0.01 0.03 0.97 0.00 0.14 0.00 0.03 0.04 0.07				
0.02 0.01 0.45 0.82 0.14 0.34 0.26 0.41 0.01 0.03				
0.00 0.56 0.14 0.40 0.80 0.19 0.25 0.20 0.02 0.01				
0.04 0.33 0.00 0.00 0.94 0.14 0.11 0.34 0.01 0.03				
0.00 0.03 0.45 0.01 0.45 0.88 0.14 0.02 0.00 0.11					
0.13 0.04 0.05 0.14 0.11 0.03 0.92 0.04 0.05 0.14				
0.20 0.11 0.00 0.01 0.00 0.00 0.95 0.45 0.14 0.50				
0.06 0.10 0.02 0.15 0.16 0.03 0.87 0.00 0.01 0.34				
0.03 0.14 0.34 0.01 0.05 0.02 0.05 0.88 0.02 0.44				
0.05 0.03 0.11 0.04 0.56 0.03 0.02 0.97 0.32 0.11				
0.45 0.00 0.13 0.14 0.34 0.22 0.11 0.02 0.90 0.32				
0.24 0.11 0.02 0.03 0.33 0.20 0.12 0.04 0.79 0.10				
0.02 0.42 0.02 0.14 0.42 0.00 0.00 0.13 0.00 0.79 				
0.01 0.00 0.14 0.01 0.45 0.03 0.02 0.01 0.34 0.80				
0.02 0.02 0.14 0.15 0.44 0.22 0.00 0.00 0.22 0.90				
