41 13 8 465
24 7 8 4 1 2 16 6 8 16 21 18 20 10 12 1 1 24 29 8 8 80 24 120 80 80 16 2 5 24 10 8 2 5 40 2 80 16 16 40 40
51
1 2 
1 3
1 38
1 39
2 4
2 7
3 4
3 7
4 5
5 6
6 8
6 9
7 10 
7 11
8 12
9 13
10 18
10 25 
10 26 
11 19
11 25 
11 26 
12 14
13 15
14 16
15 17
16 18
17 19
18 20
19 21
20 27 
20 36
20 37
21 27
21 36
21 37
22 23 
23 24
24 1 
27 28
28 29
29 30
30 31
31 32
32 33
33 34
34 35
34 40
34 41
38 40
39 41
0 1 0 1 0 0 0 0
0 0 0 1 0 0 0 0 
0 0 0 1 0 0 0 0
0 0 1 0 0 0 0 0
0 0 1 1 0 0 0 0
0 0 1 0 0 0 0 0
0 0 0 1 0 0 0 0
0 0 1 0 0 0 0 0
0 0 1 0 0 0 0 0
1 0 0 0 0 0 0 0
1 0 0 0 0 0 0 0
0 0 1 0 0 0 0 0
0 0 1 0 0 0 0 0
0 0 1 0 0 0 0 0
0 0 1 0 0 0 0 0
1 0 0 0 0 0 0 0
1 0 0 0 0 0 0 0
1 0 0 0 0 0 0 0
1 0 0 0 0 0 0 0
1 0 0 0 0 0 0 0
1 0 0 0 0 0 0 0
0 1 0 0 0 1 0 0
0 0 0 0 0 1 0 0
0 0 0 0 0 1 1 0 
0 0 0 0 0 0 0 1
0 0 0 0 0 0 0 1
0 0 0 1 1 0 0 0 
0 1 0 1 0 0 0 0
0 1 0 0 0 0 0 0
1 0 1 1 0 0 0 0
1 0 0 0 0 0 0 0
0 0 0 1 1 0 0 0 
0 1 0 1 0 0 0 0
0 1 0 0 0 0 0 0
0 0 0 0 0 0 0 1
0 0 0 0 1 1 0 0 
0 0 0 0 0 0 1 0
0 1 0 0 0 1 0 0
0 1 0 0 0 1 0 0
0 0 0 0 0 0 0 1
0 0 0 0 0 0 0 1
0.95 0.01 0.32 0.36 0.00 0.04 0.45 0.40
0.89 0.13 0.45 0.40 0.01 0.00 0.00 0.25
0.94 0.00 0.64 0.16 0.04 0.35 0.00 0.15
0.30 0.96 0.04 0.20 0.45 0.30 0.45 0.01
0.25 0.04 0.96 0.09 0.06 0.28 0.07 0.07
0.03 0.16 0.15 0.98 0.05 0.17 0.08 0.17
0.01 0.40 0.01 0.11 0.94 0.50 0.09 0.00
0.02 0.15 0.40 0.35 0.01 0.90 0.09 0.19
0.05 0.51 0.10 0.27 0.01 0.00 0.85 0.00
0.30 0.00 0.00 0.01 0.05 0.05 0.96 0.05
0.14 0.25 0.05 0.04 0.00 0.00 0.15 0.89
0.30 0.45 0.56 0.16 0.05 0.05 0.30 0.93 
0.00 0.00 0.00 0.25 0.24 0.15 0.20 0.96
    