19 12 7 80
10 24 16 32 16 32 32 32 32 34 11 2 2 38 1 8 1 8 4
18
1 2
2 3
3 17
4 5
4 17
6 9
7 9
8 9
9 17
10 12
11 12
12 13
13 17
14 15
15 17
16 17
17 18
17 19
1 0 0 0 0 0 1
0 1 0 0 0 0 0 
1 1 0 0 0 0 0 
0 0 1 0 0 0 0
1 0 1 0 0 0 0 
0 0 0 1 1 0 0
0 0 0 1 1 0 0 
0 0 0 1 1 0 0 
1 0 0 1 1 0 0 
0 0 0 0 1 0 0 
0 0 0 0 1 0 0 
0 0 0 0 1 1 0
1 0 0 0 1 1 0
0 0 0 0 1 1 0
1 0 0 0 0 1 0
1 0 0 0 1 1 1 
1 0 0 0 0 0 1
1 0 0 0 0 0 1
1 0 0 0 0 0 1
0.34 0.15 0.00 0.78 0.50 0.45 0.20
0.71 0.01 0.42 0.45 0.87 0.66 0.04
0.92 0.05 0.78 0.01 0.00 0.00 0.45
0.02 0.00 0.36 0.15 0.85 0.45 0.76
0.55 0.04 0.05 0.78 0.48 0.78 0.89
0.13 0.88 0.00 0.00 0.23 0.45 0.15
0.12 0.35 0.60 0.75 0.15 0.00 0.00
0.15 0.65 0.75 0.00 0.01 0.03 0.50
0.60 0.09 0.17 0.80 0.00 0.00 0.00
0.90 0.50 0.00 0.35 0.44 0.71 0.00
0.45 0.25 0.15 0.20 0.00 0.01 0.73
0.75 0.15 0.02 0.15 0.89 0.98 0.75
