21 16 6 450
24 8 8 8 8 1 4 8 144 64 40 40 40 40 120 120 16 8 16 16 8
27
1 2 
2 3 
2 4
2 6
3 8 
4 5
5 13
6 7
7 8
8 9
9 10 
9 11
10 12 
10 14
11 12 
11 14
12 13 
13 17
14 15 
14 16 
15 17
16 17
17 18 
18 19
18 20 
19 21
20 21
1 1 0 0 0 0
1 1 0 0 0 0
0 1 0 0 0 0 
1 1 0 0 0 0
1 1 0 0 0 0
0 0 1 1 0 0
0 0 1 1 0 0 
0 0 1 1 0 0 
0 0 1 1 0 0 
0 0 0 0 0 1
0 0 0 0 0 1
0 0 1 0 1 0 
0 0 1 1 0 0
0 0 0 0 0 1 
0 0 0 0 0 1
0 0 0 0 0 1
0 0 1 1 0 0
0 0 1 1 0 0 
0 0 0 1 0 0 
1 0 1 0 0 0 
1 0 0 0 0 0
0.95 0.80 0.01 0.00 0.04 0.10
0.72 0.88 0.02 0.01 0.11 0.00
0.02 0.12 0.99 0.00 0.34 0.20
0.11 0.00 0.95 0.01 0.00 0.00
0. 00 0.00 0.99 0.5 0.03 0.15
0.01 0.04 0.65 0.89 0.00 0.05
0.03 0.05 0.07 0.04 0.97 0.03
0.00 0.00 0.15 0.03 0.14 0.79
0.00 0.06 0.02 0.05 0.00 0.90
0.02 0.01 0.00 0.01 0.01 0.89
0.30 0.01 0.45 0.00 0.02 0.75
0.43 0.01 0.59 0.01 0.34 0.80
0.00 0.02 0.04 0.50 0.00 0.85
0.01 0.00 0.54 0.20 0.13 0.98
0.00 0.00 0.45 0.00 0.00 0.79
0.04 0.24 0.50 0.01 0.12 0.85
